[wood _texture528.jpg]
filters=finetune2=1,0.409357,0.000000,0.000000,00000000,0.000000;Vignette=1,2.923977,1.087719,54.385967,00000000;
moddate=06ffb7fee353d201
width=150
height=1417
textactive=0
